3	0.00127888
8	0.00112389
10	0.000561573
11	0.00309065
12	0.00627579
14	0.00229709
15	0.00368278
16	0.00228082
18	0.00354918
21	0.00436721
23	0.00400159
24	0.00518442
27	0.000823068
28	0.000236841
29	0.00203537
33	0.00194706
35	0.00139175
37	0.00316049
38	0.0040236
40	0.00196257
41	0.00363073
42	0.00170919
46	0.00539897
47	0.00201841
48	0.000959056
49	0.00147966
50	0.00444318
53	0.000938234
56	0.000511825
57	0.00512558
60	0.000961443
63	0.00389267
66	0.00212136
70	0.00528479
71	0.00167122
74	0.00198218
75	0.00273428
76	0.00338768
77	0.00345666
78	0.0041472
79	0.00151743
81	0.00155758
83	0.00126333
86	0.00275156
87	0.00203226
92	0.00502465
93	0.00893012
96	0.00220206
100	0.00532423
