101	0.0236911
102	0.142194
104	0.138414
105	0.0801881
106	0.0931601
107	0.148314
108	0.083061
109	0.120698
110	0.13996
100273	0.00622585
100424	0.0395155
101225	0.00465501
101335	0.00938801
101467	0.00193977
103619	0.0344863
110857	0.0150902
110923	0.0122709
111595	0.014391
115389	0.00282135
118461	0.0117766
121779	0.00736978
126167	0.00787268
127272	0.00518118
133155	0.0128576
133367	0.0291284
134472	0.00453837
136183	0.00650576
136456	0.00106346
136604	0.030225
140817	0.00231425
144799	0.0104855
147155	0.00388922
149786	0.00183811
151578	0.0308488
151642	0.011152
151863	0.00769874
159299	0.0245717
159900	0.0318819
161141	0.00331642
169486	0.0146397
171887	0.00998925
173284	0.0187869
173531	0.0248321
175526	0.00924792
176794	0.000824399
178271	0.00723948
178591	0.0120719
178837	0.00208921
180220	0.0219616
182957	0.0311319
185758	0.000155795
187314	0.00174541
188635	0.00125136
192803	0.0146704
193912	0.024445
194370	0.0205049
196936	0.00215355
200101	0.0247505
200102	0.0255297
