2	0.0023659
7	0.00252266
12	0.00178141
16	0.00607129
21	0.000120168
30	0.00167225
31	0.0040687
40	0.0059461
47	0.00176459
53	0.00471048
54	0.00638612
60	0.0031299
67	0.00121642
68	0.00567162
70	0.00350278
71	0.00173004
72	0.00180092
81	0.000867331
85	0.000125027
91	0.00662105
102	0.0011853
110	0.0128644
115	0.00444992
123	0.00527782
126	0.00779014
129	0.0050556
137	0.0003281
148	0.000276886
149	0.00233894
160	0.00117924
165	0.000341453
171	0.000316112
181	0.000945579
198	0.00437144
202	0.00574838
209	0.000603799
229	0.00166406
240	0.000505778
253	0.0063617
255	0.00202165
263	0.00370431
264	0.00528133
266	0.00493762
276	0.00035452
283	0.00398067
285	0.00225913
290	0.000557048
301	0.00124497
305	0.00133698
306	0.00127608
309	0.00213429
315	0.00721381
329	0.00586409
330	0.00603211
332	0.010011
342	0.00191203
355	0.000963003
357	0.00480847
366	0.00239911
368	0.000877394
378	0.00799036
382	0.000975841
396	0.00143517
412	0.00149037
417	0.00165206
423	0.00683567
446	0.0112282
447	0.0052952
450	0.00473998
452	0.00494328
455	0.00120791
456	0.00537053
459	0.000922576
462	0.00405327
466	0.00133118
472	0.00305744
478	0.0034783
486	0.00166618
490	0.00051358
492	0.0036496
494	0.00772131
495	0.00477584
497	0.00113777
516	0.00888958
521	0.00223958
523	0.0139944
524	0.00481787
535	0.00188843
536	0.00420909
540	0.000395421
543	0.00576817
547	0.00821675
552	0.00216185
557	0.00868586
558	0.000645311
560	0.00353845
562	0.00119299
567	0.00694938
571	0.00176473
577	0.0108283
581	0.00252775
582	0.000203281
593	0.00363173
595	0.00335995
601	0.00881752
612	0.00219316
613	0.0141975
617	0.00629702
625	0.000860109
628	0.00122581
630	0.00621382
633	0.0111915
639	0.000858736
640	0.012848
652	0.00438045
661	0.0122741
664	0.0106869
672	0.00197048
679	0.000443262
683	0.000245339
686	0.00201704
690	0.00107596
694	0.00280097
695	0.00155281
700	0.000259235
701	0.00404056
703	0.00532101
704	0.00306265
709	0.000618578
711	0.00873269
718	0.000687236
726	0.00240803
730	0.00282218
733	0.00474414
735	0.0143485
738	0.00297358
747	0.00192851
758	0.00755154
766	0.00232627
777	0.000118879
784	0.00858923
787	0.00258463
795	0.00890542
799	0.00952948
800	0.00038298
802	0.010915
803	0.00277957
806	0.00256494
809	0.014689
811	0.00118017
812	0.00457617
825	0.00189556
828	0.00529614
832	0.00114094
836	0.00537713
837	0.0044522
850	0.00360157
873	0.00636296
879	0.00277041
880	0.00150056
881	0.00286227
882	0.000313037
883	0.00140882
887	0.00208099
906	0.00328205
912	0.0146996
918	0.0168971
919	0.00518683
925	0.00387289
926	0.00445976
930	0.00557451
937	0.00082609
955	0.000850004
965	0.00155349
970	0.012718
976	0.000693324
977	0.00816805
980	0.00351232
996	0.00172888
