1001	0.111314
1002	0.169453
1003	0.170668
1004	0.128329
1005	0.173335
1006	0.122441
1007	0.125881
1008	0.170253
1009	0.153314
1010	0.135676
101211	0.00286885
101462	0.00676362
101464	0.0189266
103806	0.000908406
104510	0.00133167
104733	0.00860283
104735	0.00231541
105041	0.0190304
106647	0.00357707
106879	0.00179876
107024	0.00237109
108229	0.00551225
108440	0.000650074
110936	0.0169462
111170	0.0123045
112082	0.00223781
112435	0.00533491
112854	0.000457378
113412	0.00026458
113458	0.0200198
113544	0.00267901
113772	0.00448595
113817	0.00251391
114708	0.00940942
115997	0.0284228
116100	0.000607772
116142	0.00741153
117101	0.00172386
117192	0.00174716
118296	0.00459594
118671	0.00120785
119111	0.0179369
119263	0.00310152
120079	0.00229057
120222	0.000827129
120328	0.0102809
120788	0.000773503
120838	0.000166516
121420	0.00529543
121658	0.00161268
122073	0.00823286
122406	0.00474578
122481	0.00132286
122864	0.0139031
123095	0.00405194
123800	0.00119291
124942	0.0145432
125455	0.00504152
126180	0.00357181
126935	0.00886828
129385	0.00137253
130873	0.0121871
132574	0.00566417
132656	0.0161107
132937	0.00376145
134027	0.0287832
135405	0.00286142
135603	0.00995943
135678	0.000953661
136389	0.00173635
136699	0.0161448
136763	0.00227525
138543	0.0168931
138588	0.00437871
138645	0.00400048
139021	0.0135747
139089	0.00401923
139836	0.000274671
140303	0.00165638
141488	0.000702718
144020	0.0077015
145327	0.00830797
145469	0.00635159
145859	0.000499214
145885	0.00428736
147167	0.0011737
147414	0.0118608
149267	0.0128417
149846	0.000116585
150909	0.0111919
152740	0.0103725
152975	0.00122557
153827	0.0012895
155024	0.00296613
155185	0.0196307
155253	0.00451979
155334	0.0348922
155540	0.0165103
155769	0.0215293
156630	0.00439039
156823	0.00973951
157019	0.0013487
157263	0.00427308
159044	0.000643951
160425	0.000976331
161944	0.00453667
161972	0.00682336
162134	0.00706375
162230	0.00923894
162268	0.00152711
162798	0.00263118
163706	0.0021871
163974	0.00615359
164237	0.00246951
165009	0.00878651
165192	0.010399
166767	0.00107915
166836	0.00986342
166872	0.00530655
167134	0.00349953
167835	0.00459878
168243	0.00668534
168662	0.00584445
168736	0.00181354
168994	0.00396041
169017	0.00881458
169541	0.00559261
170027	0.0210627
170755	0.00123632
171260	0.0223912
171338	0.0019755
171748	0.00842274
172664	0.0252225
172950	0.00706186
174001	0.007222
174233	0.00411244
174505	0.0214395
174594	0.0066085
175548	0.00288317
176359	0.00366819
176382	0.00501412
176716	0.000633949
177184	0.0090136
177590	0.00526529
178566	0.0464193
178649	0.00169515
179066	0.00833865
179358	0.00201285
180072	0.00545669
181276	0.00797712
181397	0.00265457
181446	0.0027423
182112	0.0142781
182335	0.00405628
182659	0.0125125
182998	0.000736702
183536	0.0100363
183879	0.000551761
184443	0.00486703
184911	0.00505416
185567	0.00077265
185764	0.0162923
186577	0.00659702
187337	0.000173358
187547	0.00844005
188191	0.00709262
188574	0.00405066
189720	0.00212438
190105	0.0029967
190753	0.00245397
191294	0.00582016
191479	0.0205672
192476	0.00396949
193058	0.00317763
193123	0.00604413
194822	0.000335892
195873	0.00130307
196253	0.0080784
197958	0.000817675
198581	0.00466647
199744	0.0150241
199951	0.000980132
200314	0.00222864
200578	0.00136177
201001	0.00206403
201002	0.00970466
